1
1000 1000 100
10 10 50
20 20 50
30 30 50
40 40 50
50 50 50
60 60 50
70 70 50
80 80 50
90 90 50
100 100 50
110 110 50
120 120 50
130 130 50
140 140 50
150 150 50
160 160 50
170 170 50
180 180 50
190 190 50
200 200 50
210 210 50
220 220 50
230 230 50
240 240 50
250 250 50
260 260 50
270 270 50
280 280 50
290 290 50
300 300 50
310 310 50
320 320 50
330 330 50
340 340 50
350 350 50
360 360 50
370 370 50
380 380 50
390 390 50
400 400 50
410 410 50
420 420 50
430 430 50
440 440 50
450 450 50
460 460 50
470 470 50
480 480 50
490 490 50
500 500 50
510 510 50
520 520 50
530 530 50
540 540 50
550 550 50
560 560 50
570 570 50
580 580 50
590 590 50
600 600 50
610 610 50
620 620 50
630 630 50
640 640 50
650 650 50
660 660 50
670 670 50
680 680 50
690 690 50
700 700 50
710 710 50
720 720 50
730 730 50
740 740 50
750 750 50
760 760 50
770 770 50
780 780 50
790 790 50
800 800 50
810 810 50
820 820 50
830 830 50
840 840 50
850 850 50
860 860 50
870 870 50
880 880 50
890 890 50
900 900 50
910 910 50
920 920 50
930 930 50
940 940 50
950 950 50
960 960 50
970 970 50
980 980 50
990 990 50
945 945 50
